# Filetypes
NORMAL                0
FILE                  0
DIR                   38;2;126;156;216
LINK                  38;2;106;149;137
SYMLINK               38;2;106;149;137
SOCK                  38;2;149;127;184
FIFO                  38;2;192;163;110
DOOR                  38;2;192;163;110
BLK                   1;38;2;230;195;132
CHR                   1;38;2;230;195;132
ORPHAN                38;2;232;36;36
MISSING               38;2;232;36;36
EXEC                  1;38;2;255;93;98

# File extensions

# images
*.jpg                 38;2;149;127;184
*.jpeg                38;2;149;127;184
*.png                 38;2;149;127;184
*.gif                 38;2;149;127;184
*.bmp                 38;2;149;127;184
*.webp                38;2;149;127;184

# videos
*.mp4                 1;38;2;149;127;184
*.mkv                 1;38;2;149;127;184
*.avi                 1;38;2;149;127;184
*.mov                 1;38;2;149;127;184
*.webm                1;38;2;149;127;184

# music
*.mp3                 38;2;106;149;137
*.flac                1;38;2;106;149;137
*.ogg                 38;2;106;149;137
*.wav                 38;2;106;149;137
*.opus                38;2;106;149;137

# documents
*.pdf                 38;2;118;148;106
*.doc                 38;2;118;148;106
*.docx                38;2;118;148;106
*.odt                 38;2;118;148;106

# archives
*.tar                 38;2;195;64;67
*.zip                 38;2;195;64;67
*.gz                  38;2;195;64;67
*.xz                  38;2;195;64;67
*.7z                  38;2;195;64;67
*.rar                 38;2;195;64;67
*.tgz                 38;2;195;64;67

# source code
*.asm                 1;38;2;192;163;110
*.c                   1;38;2;192;163;110
*.cpp                 1;38;2;192;163;110
*.h                   1;38;2;192;163;110
*.hpp                 1;38;2;192;163;110
*.rs                  1;38;2;192;163;110
*.lua                 1;38;2;192;163;110
*.py                  1;38;2;192;163;110
*.rb                  1;38;2;192;163;110
*.java                1;38;2;192;163;110
*.js                  1;38;2;192;163;110
*.ts                  1;38;2;192;163;110
*.css                 1;38;2;192;163;110
